0.0	0.0
0.01	3.66
0.02	11.72
0.03	30.17
0.04	48.25
0.05	83.55
0.06	112.63
0.07	156.42
0.08	196.63
0.09	252.39
0.1	352.18
0.11	390.47
0.12	533.54
0.13	583.71
0.14	713.97
0.15	823.31
0.16	934.05
0.17	1049.36
0.18	1203.15
0.19	1298.32
0.2	1492.14
0.21	1727.44
0.22	1829.12
0.23	2071.08
0.24	2202.11
0.25	2316.77
0.26	2616.52
0.27	2760.02
0.28	3010.43
0.29	3271.93
0.3	3495.98
0.31	3629.48
0.32	3849.72
0.33	4181.91
0.34	4324.11
0.35	4741.01
0.36	4945.77
0.37	5041.65
0.38	5301.52
0.39	5646.73
0.4	5856.39
0.41	6217.54
0.42	6470.32
0.43	6803.48
0.44	7019.97
0.45	7468.3
0.46	7667.45
0.47	7931.89
0.48	8231.66
0.49	8617.29
0.5	8900.52
0.51	9115.94
0.52	9482.72
0.53	9753.1
0.54	10071.77
0.55	10450.76
0.56	10703.7
0.57	11112.74
0.58	11401.27
0.59	11718.3
0.6	12085.5
0.61	12317.77
0.62	12804.97
0.63	13052.93
0.64	13456.49
0.65	13739.62
0.66	14169.08
0.67	14387.4
0.68	14826.92
0.69	15065.62
0.7	15491.82
0.71	15853.36
0.72	16201.69
0.73	16529.7
0.74	17003.71
0.75	17267.05
0.76	17578.65
0.77	17961.82
0.78	18319.05
0.79	18695.99
0.8	19019.29
0.81	19538.43
0.82	19783.53
0.83	20241.54
0.84	20556.34
0.85	20984.5
0.86	21223.48
0.87	21660.83
0.88	22043.47
0.89	22421.27
0.9	22769.86
0.91	23143.61
0.92	23517.57
0.93	23839.43
0.94	24203.47
0.95	24628.07
0.96	24936.2
0.97	25309.13
0.98	25754.96
0.99	26121.08
