0.0	0.0
0.01	505.42
0.02	1018.8
0.03	1569.18
0.04	1928.37
0.05	2386.15
0.06	2650.11
0.07	2977.9
0.08	3214.41
0.09	3464.25
0.1	3868.43
0.11	3906.75
0.12	4334.12
0.13	4423.12
0.14	4687.25
0.15	4825.18
0.16	4979.35
0.17	5071.95
0.18	5239.25
0.19	5272.09
0.2	5469.76
0.21	5679.97
0.22	5702.88
0.23	5836.27
0.24	5845.42
0.25	5788.91
0.26	5946.15
0.27	5909.45
0.28	5993.34
0.29	6068.51
0.3	6096.73
0.31	5974.92
0.32	5950.3
0.33	6012.24
0.34	5929.98
0.35	5993.38
0.36	5899.32
0.37	5850.5
0.38	5779.83
0.39	5765.91
0.4	5712.1
0.41	5657.67
0.42	5574.19
0.43	5516.96
0.44	5374.62
0.45	5296.02
0.46	5216.15
0.47	5128.24
0.48	5016.62
0.49	4910.09
0.5	4824.86
0.51	4722.06
0.52	4612.93
0.53	4511.04
0.54	4377.8
0.55	4202.44
0.56	4122.52
0.57	3974.76
0.58	3856.48
0.59	3769.88
0.6	3625.43
0.61	3545.04
0.62	3360.61
0.63	3216.67
0.64	3097.14
0.65	2978.79
0.66	2778.85
0.67	2722.57
0.68	2548.78
0.69	2490.24
0.7	2309.59
0.71	2139.37
0.72	2020.78
0.73	1932.34
0.74	1750.94
0.75	1639.73
0.76	1592.89
0.77	1414.53
0.78	1323.64
0.79	1251.94
0.8	1146.16
0.81	934.28
0.82	925.39
0.83	771.27
0.84	728.81
0.85	602.61
0.86	587.94
0.87	489.1
0.88	408.23
0.89	331.07
0.9	274.89
0.91	219.75
0.92	168.72
0.93	149.54
0.94	101.44
0.95	66.0
0.96	48.99
0.97	30.59
0.98	9.2
0.99	3.68
