0.0	0.0
0.01	946.31
0.02	1875.2
0.03	2849.31
0.04	3589.72
0.05	4436.66
0.06	5058.95
0.07	5775.83
0.08	6382.26
0.09	6955.95
0.1	7771.05
0.11	8124.82
0.12	9001.06
0.13	9380.42
0.14	10088.78
0.15	10543.14
0.16	11100.25
0.17	11525.7
0.18	12064.74
0.19	12371.37
0.2	12974.54
0.21	13608.43
0.22	13937.5
0.23	14549.26
0.24	14820.34
0.25	15031.07
0.26	15629.87
0.27	15928.37
0.28	16383.82
0.29	16869.37
0.3	17241.7
0.31	17368.51
0.32	17704.35
0.33	18203.19
0.34	18370.06
0.35	18914.62
0.36	19153.85
0.37	19222.47
0.38	19516.48
0.39	19893.69
0.4	20088.52
0.41	20468.17
0.42	20692.85
0.43	20988.48
0.44	21138.09
0.45	21558.53
0.46	21691.78
0.47	21882.73
0.48	22073.99
0.49	22357.7
0.5	22534.04
0.51	22632.7
0.52	22879.51
0.53	23024.36
0.54	23190.94
0.55	23414.05
0.56	23521.88
0.57	23727.38
0.58	23860.54
0.59	23986.1
0.6	24152.35
0.61	24230.98
0.62	24431.6
0.63	24516.35
0.64	24665.96
0.65	24756.55
0.66	24903.89
0.67	24962.26
0.68	25092.26
0.69	25143.61
0.7	25275.62
0.71	25364.86
0.72	25449.89
0.73	25513.61
0.74	25635.03
0.75	25675.76
0.76	25729.4
0.77	25804.05
0.78	25861.59
0.79	25933.59
0.8	25968.98
0.81	26058.79
0.82	26081.78
0.83	26144.81
0.84	26177.59
0.85	26224.68
0.86	26240.52
0.87	26285.33
0.88	26316.43
0.89	26342.16
0.9	26364.61
0.91	26386.55
0.92	26407.3
0.93	26418.45
0.94	26434.21
0.95	26448.67
0.96	26455.52
0.97	26463.91
0.98	26471.24
0.99	26474.05
